The function is: x**3 - x**2 + 2
The derivative of the function is: 3*x**2 - 2*x

The root is: -1.000004

n	|x_n		|f(x_n)		|x_(n+1)	|h			|
0	|2.00000	|6.00000	|1.25000	|0.75000	|
1	|1.25000	|2.39062	|0.15714	|1.09286	|
2	|0.15714	|1.97919	|8.39675	|-8.23960	|
3	|8.39675	|523.51035	|5.70825	|2.68849	|
4	|5.70825	|155.41453	|3.90814	|1.80011	|
5	|3.90814	|46.41769	|2.68677	|1.22138	|
6	|2.68677	|14.17626	|1.81613	|0.87064	|
7	|1.81613	|4.69184	|1.06695	|0.74917	|
8	|1.06695	|2.07622	|-0.55350	|1.62045	|
9	|-0.55350	|1.52406	|-1.30572	|0.75222	|
10	|-1.30572	|-1.93104	|-1.05579	|-0.24993	|
11	|-1.05579	|-0.29155	|-1.00235	|-0.05344	|
12	|-1.00235	|-0.01175	|-1.00000	|-0.00234	|